#name
02-Bari20_RBRP

#numVertices
13

#capacity
20

#d/p/q
     0      0      0      0
     1     -1      0      1
     2     -3      0      3
     3     -1      0      1
     4     -3      0      3
     5      1      1      1
     6     -4      0      4
     7     -5      0      5
     8     -1      0      1
     9     -5      0      5
    10     -1      0      1
    11     -2      0      2
    12      5      5      5

#distances
            0      1      2      3      4      5      6      7      8      9     10     11     12 
     0      0   2800   2100   1700   1100   3900   1300   3700   3300   3800   1700   2000    600 
     1   3000      0   1200   1200   2100   1400   3800   2000   1800   1400   1700   1600   2500 
     2   1800   1400      0    800    900   2400   2600   3300   2400   2400   1000    400   1300 
     3   1900   1200    600      0   1000   2200   2900   2900   2800   2200    600   1000   1400 
     4   1400   2100   1300    900      0   3100   2300   3800   2800   3100   1000   1300   1100 
     5   4600   2100   2800   2900   3700      0   5400   1600   2900   1000   3400   3200   4100 
     6   1600   3300   2500   2100   1200   4200      0   5000   3800   4200   2200   2400   1300 
     7   3600   1900   2900   2900   3800   1000   3800      0   1300   2000   3400   3100   3500 
     8   3100   1600   2600   2600   2800   1800   3400   1500      0   2700   3100   2000   3000 
     9   4200   1500   2700   2300   3200    600   4500   1500   2000      0   2800   3000   3700 
    10   1600   1700   1000    600    400   2700   2600   3400   2900   2700      0    900   1200 
    11   2500   1000    700   1100   1600   2400   3300   2900   2600   2400   1200      0   2000 
    12    600   2600   1800   1400   1200   3500   1600   4300   3000   3500   1500   1700      0 
