#name
06-ReggioEmilia10_RBRP

#numVertices
14

#capacity
10

#d/p/q
     0      0      0      0
     1     -3      0      3
     2      1      1      1
     3      2      2      2
     4     -5      0      5
     5      2      2      2
     6    -10      0     10
     7     -2      0      2
     8     -2      0      2
     9      3      3      3
    10     -1      0      1
    11     -6      0      6
    12     -9      0      9
    13      2      2      2

#distances
            0      1      2      3      4      5      6      7      8      9     10     11     12     13 
     0      0   3700   4000   3900   4900   3900   4800   3800   4000   2600   4600   3800   3000   3500 
     1   4300      0   1300    300   2400   1200   1300   2600   1600   1200   1000    600   1400    800 
     2   4500    900      0    900   2100    900   1000   1900   1300   2100    700   1400   2200    500 
     3   4500    300   1300      0   2200   1200   1000   2500   1600   1500    700    800   1600    800 
     4   5500   2200   2600   2000      0   3100   1200   3600   3200   2500   1800   2000   2600   2700 
     5   3700    800    900   1100   2900      0   1800   1500    500   2000   1500   1300   1700    400 
     6   5300   1400   1800   1100   2000   2300      0   2700   2300   2200    900   1800   2400   1900 
     7   3500   2200   1700   2400   3600   1500   2400      0   1400   3000   2400   2600   2700   1800 
     8   4300    800   1100   1000   3100   1000   2000   1500      0   1600   1700   1200   1300    600 
     9   3300   1600   2600   1800   2300   2500   2200   3000   2700      0   2100   1200    800   2100 
    10   4700   1100   1900   1100   1500   2300   1200   2900   2500   1700      0   1200   1800   1900 
    11   3700   1500   2600   1700   2600   2500   2100   3000   2600    700   2000      0    800   2100 
    12   3100   2200   3200   2400   3100   3100   2800   3600   3300   1100   2700   1800      0   2700 
    13   4000    400    500    700   2500    400   1400   1800    800   1600   1100    900   1700      0 
