#name
08-Bergamo20_RBRP

#numVertices
15

#capacity
20

#d/p/q
     0      0      0      0
     1     -4      0      4
     2     10     10     10
     3      3      3      3
     4     -3      0      3
     5    -12      0     12
     6     -6      0      6
     7      5      5      5
     8     -4      0      4
     9      2      2      2
    10     -5      0      5
    11      4      4      4
    12      1      1      1
    13     -2      0      2
    14     -4      0      4

#distances
            0      1      2      3      4      5      6      7      8      9     10     11     12     13     14 
     0      0    800   2100   1000    700    200    700   1800    600   1900    900   1100   1200   1300    900 
     1   1200      0   2400   1800   1300   1400   1100   1300   1400   2200   1200   1300    600   2100   1200 
     2   2100   2000      0   2100   2800   2300   1800   2900   2200    900   1300   3200   2400   1300   1600 
     3   1200   2000   2700      0   1800   1400   1900   2900   1200   2600   2100   2300   2300   1600   2100 
     4    700    800   2500   1300      0    800   1100   1200    900   2200   1200    500    600   1600   1200 
     5    100    900   2200   1100    700      0    800   1900    700   2000   1000   1200   1300   1400   1000 
     6    700    600   1400   1400   1400    900      0   1800   1000   1300    400   1700   1000   1700    500 
     7   2100   1500   2800   2700   2200   2300   1900      0   2300   2600   1700   1200   1300   3000   1500 
     8   1200   1000   2000    600   1800   1300   1500   2100      0   2000   1700   2100   1400    900   1700 
     9   2100   2000    700   1800   2600   2100   1800   2800   1900      0   1300   3100   2400   1300   1500 
    10   1000    900   1400   1600   1700   1200    700   1700   1300   1200      0   2100   1300   1900    400 
    11   1100   1100   3000   1700   1200   1300   1600   1400   1400   2700   1700      0    900   2100   1700 
    12   1200    600   2400   1800   1300   1400   1000   1000   1400   2200   1200   1000      0   2100   1200 
    13   1200   2000   1100   1000   1800   1300   1900   3000   1200   1300   1800   2200   2400      0   2000 
    14    900    800   1500   1500   1500   1100    600   1600   1100   1300    500   2000   1200   1800      0 
