#name
12-Parma10_RBRP

#numVertices
15

#capacity
10

#d/p/q
     0      0      0      0
     1      4      4      4
     2     -1      0      1
     3      1      1      1
     4      1      1      1
     5     -3      0      3
     6     -4      0      4
     7     -3      0      3
     8      1      1      1
     9     -4      0      4
    10     -2      0      2
    11     -3      0      3
    12     -6      0      6
    13      1      1      1
    14      2      2      2

#distances
            0      1      2      3      4      5      6      7      8      9     10     11     12     13     14 
     0      0   3100   3000   1200   7200   1100   1300   2800   2000   3500   1600   2500   2600    900   4400 
     1   3100      0   2500   2700   6800   2200   2300   1500   3200   4300   2800   2300   3600   2600   2400 
     2   1800   3000      0   3000   5200   2900   3100   2400   1800   1800   1500   2300   1100   2500   3900 
     3   2100   3200   3100      0   7300   1200   1400   2900   2100   3600   1700   2600   2700   1000   4500 
     4   7500   7700   6500   8700      0   8600   8800   7400   7500   8300   7200   8000   7600   8100   6900 
     5   2900   2000   2800    800   6800      0    200   1700   2900   4400   2500   2600   3500   1500   3400 
     6   2800   1800   2700   1200   6600   1300      0   1600   2800   4300   2500   2400   3500   1300   3200 
     7   2500   2000   1900   2800   5800   2300   2500      0   2500   3700   2100    900   2900   2700   3400 
     8   2400   1900   1800   1800   5900   1900   2000   1600      0   3500   2000    500   2800   2600   3300 
     9   3300   4500   2600   4200   7100   3400   3600   3800   3300      0   2900   3800   1200   2900   5300 
    10    400   2300   1500   1600   5600   1500   1700   2000    400   2000      0    900   1100   1000   3700 
    11   2800   1400   2200   2200   6200   1700   1800   1200   2800   4000   2500      0   3200   2100   2800 
    12   2100   4000   2400   3100   6400   2300   2400   3600   2100   1200   1800   2600      0   1700   5100 
    13   1500   2700   2600   1600   6700    800    900   2500   1500   3000   1200   2000   2200      0   4100 
    14   4100   2500   3500   4100   6200   3600   3800   2400   4100   5200   3700   3200   4500   4000      0 
